4294967278,162
4294967278,161
4294967278,160
4294967278,392
4294967278,158
4294967278,373
4294967278,372
4294967278,369
4294967279,402
4294967278,348
4294967279,436
4294967278,340
4294967279,138
4294967279,438
4294967279,290
4294967279,434
92,6
92,5
92,4
92,3
92,2
92,1
4294967279,263
89,5
89,4
89,3
89,2
89,1
4294967294,1246
4294967294,398
4294967294,180
4294967294,451
4294967294,412
88,6
88,5
88,4
88,3
88,2
88,1
4294967294,1087
87,5
87,4
87,3
87,2
87,1
86,4
86,3
86,2
86,1
4294967294,437
4294967294,1427
85,5
85,4
85,3
85,2
85,1
4294967294,1425
4294967278,220
84,5
84,4
84,3
84,2
84,1
4294967279,428
4294967279,427
83,5
83,4
83,3
83,2
83,1
4294967294,393
4294967294,1426
4294967278,320
4294967278,319
82,5
82,4
82,3
82,2
82,1
4294967294,387
4294967278,313
4294967279,319
81,5
81,4
81,3
81,2
81,1
4294967279,310
80,5
80,4
80,3
80,2
80,1
4294967294,469
4294967294,424
4294967294,1
4294967294,40
4294967279,455
79,4
79,3
79,2
79,1
0,7
4294967294,476
4294967294,42
4294967278,391
4294967279,425
4294967279,424
4294967279,421
4294967278,250
4294967294,0
4294967294,471
4294967278,159
4294967294,1067
4294967294,29
4294967294,1072
4294967294,186
4294967294,28
4294967294,403
4294967294,459
4294967278,371
4294967294,470
4294967294,392
4294967294,389
4294967294,390
4294967294,44
4294967294,114
4294967294,115
4294967294,120
4294967294,2
4294967294,38
4294967294,37
4294967294,107
4294967294,89
4294967294,1248
4294967294,91
4294967294,90
4294967294,87
4294967294,86
4294967294,85
4294967294,84
4294967294,1247
4294967294,1086
4294967294,1245
4294967294,417
4294967294,53
4294967294,45
4294967294,428
4294967294,36
4294967294,96
4294967294,94
4294967294,9
4294967294,8
4294967279,141
4294967294,43
4294967294,1157
4294967294,1155
4294967294,1082
4294967294,1073
4294967294,1069
4294967294,182
4294967294,161
4294967294,92
4294967294,88
4294967279,401
4294967294,5
4294967294,415
4294967294,1163
4294967294,1249
4294967294,83
4294967278,132
4294967278,131
4294967278,130
4294967278,129
4294967278,128
4294967278,127
4294967278,126
4294967278,125
4294967278,124
4294967278,123
4294967278,122
4294967278,121
4294967278,120
4294967278,119
4294967278,118
4294967278,117
4294967278,116
4294967278,115
4294967278,114
4294967278,113
4294967278,112
4294967278,111
4294967278,110
4294967278,109
4294967278,108
4294967278,107
4294967278,106
4294967278,105
4294967278,104
4294967278,103
4294967278,102
4294967278,101
4294967278,100
4294967278,99
4294967278,98
4294967278,97
4294967278,96
4294967278,95
4294967278,94
4294967278,93
4294967278,92
4294967278,91
4294967278,90
4294967278,89
4294967278,87
4294967278,86
4294967278,85
4294967278,84
4294967278,83
4294967278,82
4294967278,81
4294967278,80
4294967278,79
4294967278,78
4294967278,77
4294967278,76
4294967278,75
4294967278,74
4294967278,73
4294967278,72
4294967278,71
4294967278,70
4294967278,69
4294967278,68
4294967278,67
4294967278,66
4294967278,65
4294967278,64
4294967278,63
4294967278,62
4294967278,61
4294967278,60
4294967278,59
4294967278,58
4294967278,57
4294967278,56
4294967278,55
4294967278,54
4294967278,53
4294967278,52
4294967278,51
4294967278,50
4294967278,49
4294967278,48
4294967278,47
4294967278,46
4294967278,45
4294967278,44
4294967278,43
4294967278,42
4294967278,41
4294967278,40
4294967278,39
4294967278,0
4294967278,38
4294967278,37
4294967279,25
4294967279,21
4294967279,14
4294967279,11
4294967279,2
4294967279,0
4294967279,8
4294967279,7
4294967279,6
4294967279,5
4294967279,4
4294967279,22
4294967294,30
4294967294,1239
4294967294,1238
4294967294,1236
4294967294,1235
4294967294,1230
4294967294,1219
4294967294,1063
4294967294,1061
4294967294,1060
4294967294,1059
4294967294,1058
4294967294,60
4294967294,12
4294967294,1158
4294967294,1156
4294967294,1154
4294967294,1153
4294967294,1077
4294967294,1074
4294967294,1071
4294967294,1066
4294967294,190
4294967294,176
4294967294,11
4294967294,68
4294967278,337
4294967279,10
4294967279,18
4294967279,17
4294967279,15
4294967279,268
4294967279,285
4294967279,283
78,6
78,5
78,4
4294967279,265
78,2
78,1
4294967279,9
4294967294,81
4294967294,50
0,5
4294967279,261
4294967279,433
4294967294,39
4294967278,365
4294967278,364
4294967279,432
4294967279,431
4294967294,27
4294967294,93
4294967294,95
75,5
75,4
75,3
75,2
75,1
4294967279,246
74,6
4294967279,242
74,5
4294967279,238
74,4
74,3
74,2
74,1
73,5
73,4
73,3
73,2
73,1
4294967294,1079
4294967294,1057
72,4
72,3
72,2
72,1
4294967279,277
71,5
4294967294,22
4294967294,17
4294967294,99
4294967294,76
4294967294,41
4294967294,46
71,4
71,3
71,2
71,1
4294967279,391
4294967294,436
4294967294,52
4294967294,51
4294967294,25
4294967294,187
4294967294,399
4294967294,596
4294967294,167
4294967294,26
4294967294,116
4294967294,461
4294967294,467
4294967294,184
4294967294,119
4294967294,7
4294967294,67
4294967294,82
4294967278,322
4294967278,321
70,5
70,4
70,3
70,2
70,1
4294967279,384
4294967279,136
69,5
4294967294,6
69,4
69,3
69,2
69,1
4294967279,318
4294967278,311
68,5
68,4
68,3
68,2
68,1
4294967278,307
4294967278,306
4294967278,305
4294967278,302
67,5
67,4
67,3
67,2
67,1
4294967278,359
66,5
66,4
66,3
66,2
66,1
4294967279,423
4294967294,1080
4294967294,1084
4294967294,1075
4294967279,422
65,4
65,3
65,2
65,1
4294967278,346
4294967294,475
4294967278,362
4294967278,358
4294967278,357
4294967278,356
4294967278,355
4294967278,354
4294967278,353
4294967278,352
4294967278,351
4294967278,350
4294967278,349
4294967278,347
4294967278,345
4294967278,344
4294967278,343
4294967278,342
4294967278,341
4294967278,339
4294967279,426
4294967279,420
4294967279,419
4294967279,418
4294967279,417
4294967279,416
4294967279,415
4294967279,414
4294967279,413
4294967279,411
4294967279,410
4294967279,409
4294967279,408
4294967279,407
4294967279,406
4294967279,405
4294967279,404
4294967279,412
4294967278,390
4294967279,400
4294967294,408
4294967294,168
4294967294,109
4294967294,386
4294967294,391
4294967278,283
64,6
64,5
64,4
64,2
64,1
